79 0 0 78 0 1 77 0 2 76 0 3 75 0 3 74 0 3 73 1 3 72 2 3 71 1 2 70 0 1 69 0 1 68 1 1 67 2 1 66 3 1 65 4 2 64 5 2 63 6 2 62 6 2 61 5 2 60 5 2 59 5 3 58 4 4 57 3 4 56 3 4 55 3 5 54 3 6 53 3 5 52 3 5 51 3 5 50 3 5 49 3 5 48 3 5 47 3 5 46 4 5 45 4 5 44 4 4 43 4 4 42 4 4 41 4 4 40 5 4 39 5 4 38 5 4 37 5 4 36 6 4 35 6 4 34 6 4 33 6 3 32 7 3 31 7 3 30 7 3 29 7 2 28 7 2 27 6 3 26 6 2 25 5 1 24 5 2 23 5 2 22 4 2 21 5 3 
79 0 0 78 0 1 77 0 2 76 0 3 75 0 3 74 0 3 73 1 3 72 2 3 71 1 2 70 0 1 69 0 1 68 1 1 67 2 1 66 3 1 65 4 2 64 5 2 63 6 2 62 6 2 61 5 2 60 5 2 59 5 3 58 4 4 57 3 4 56 3 4 55 3 5 54 3 6 53 3 5 52 3 5 51 3 5 50 3 5 49 3 5 48 3 5 47 3 5 46 4 5 45 4 5 44 4 4 43 4 4 42 4 4 41 4 4 40 5 4 39 5 4 38 5 4 37 5 4 36 6 4 35 6 4 34 6 4 33 6 3 32 7 3 31 7 3 30 7 3 29 7 2 28 7 2 27 6 3 26 6 2 25 5 1 24 5 2 23 5 2 22 4 2 21 5 3 
79 0 0 78 0 1 77 0 2 76 0 3 75 0 3 74 0 3 73 1 3 72 2 3 71 1 2 70 0 1 69 0 1 68 1 1 67 2 1 66 3 1 65 4 2 64 5 2 63 6 2 62 6 2 61 5 2 60 5 2 59 5 3 58 4 4 57 3 4 56 3 4 55 3 5 54 3 6 53 3 5 52 3 5 51 3 5 50 3 5 49 3 5 48 3 5 47 3 5 46 4 5 45 4 5 44 4 4 43 4 4 42 4 4 41 4 4 40 5 4 39 5 4 38 5 4 37 5 4 36 6 4 35 6 4 34 6 4 33 6 3 32 7 3 31 7 3 30 7 3 29 7 2 28 7 2 27 6 3 26 6 2 25 5 1 24 5 2 23 5 2 22 4 2 21 5 3 
79 0 0 78 0 1 77 0 2 76 0 3 75 0 3 74 0 3 73 1 3 72 2 3 71 1 2 70 0 1 69 0 1 68 1 1 67 2 1 66 3 1 65 4 2 64 5 2 63 6 2 62 6 2 61 5 2 60 5 2 59 5 3 58 4 4 57 3 4 56 3 4 55 3 5 54 3 6 53 3 5 52 3 5 51 3 5 50 3 5 49 3 5 48 3 5 47 3 5 46 4 5 45 4 5 44 4 4 43 4 4 42 4 4 41 4 4 40 5 4 39 5 4 38 5 4 37 5 4 36 6 4 35 6 4 34 6 4 33 6 3 32 7 3 31 7 3 30 7 3 29 7 2 28 7 2 27 6 3 26 6 2 25 5 1 24 5 2 23 5 2 22 4 2 21 5 3 
79 0 0 78 0 1 77 0 2 76 0 3 75 0 3 74 0 3 73 1 3 72 2 3 71 1 2 70 0 1 69 0 1 68 1 1 67 2 1 66 3 1 65 4 2 64 5 2 63 6 2 62 6 2 61 5 2 60 5 2 59 5 3 58 4 4 57 3 4 56 3 4 55 3 5 54 3 6 53 3 5 52 3 5 51 3 5 50 3 5 49 3 5 48 3 5 47 3 5 46 4 5 45 4 5 44 4 4 43 4 4 42 4 4 41 4 4 40 5 4 39 5 4 38 5 4 37 5 4 36 6 4 35 6 4 34 6 4 33 6 3 32 7 3 31 7 3 30 7 3 29 7 2 28 7 2 27 6 3 26 6 2 25 5 1 24 5 2 23 5 2 22 4 2 21 5 3 
79 0 0 78 0 1 77 0 2 76 0 3 75 0 3 74 0 3 73 1 3 72 2 3 71 1 2 70 0 1 69 0 1 68 1 1 67 2 1 66 3 1 65 4 2 64 5 2 63 6 2 62 6 2 61 5 2 60 5 2 59 5 3 58 4 4 57 3 4 56 3 4 55 3 5 54 3 6 53 3 5 52 3 5 51 3 5 50 3 5 49 3 5 48 3 5 47 3 5 46 4 5 45 4 5 44 4 4 43 4 4 42 4 4 41 4 4 40 5 4 39 5 4 38 5 4 37 5 4 36 6 4 35 6 4 34 6 4 33 6 3 32 7 3 31 7 3 30 7 3 29 7 2 28 7 2 27 6 3 26 6 2 25 5 1 24 5 2 23 5 2 22 4 2 21 5 3 
79 0 0 78 0 1 77 0 2 76 0 3 75 0 3 74 0 3 73 1 3 72 2 3 71 1 2 70 0 1 69 0 1 68 1 1 67 2 1 66 3 1 65 4 2 64 5 2 63 6 2 62 6 2 61 5 2 60 5 2 59 5 3 58 4 4 57 3 4 56 3 4 55 3 5 54 3 6 53 3 5 52 3 5 51 3 5 50 3 5 49 3 5 48 3 5 47 3 5 46 4 5 45 4 5 44 4 4 43 4 4 42 4 4 41 4 4 40 5 4 39 5 4 38 5 4 37 5 4 36 6 4 35 6 4 34 6 4 33 6 3 32 7 3 31 7 3 30 7 3 29 7 2 28 7 2 27 6 3 26 6 2 25 5 1 24 5 2 23 5 2 22 4 2 21 5 3 
79 0 0 78 0 1 77 0 2 76 0 3 75 0 3 74 0 3 73 1 3 72 2 3 71 1 2 70 0 1 69 0 1 68 1 1 67 2 1 66 3 1 65 4 2 64 5 2 63 6 2 62 6 2 61 5 2 60 5 2 59 5 3 58 4 4 57 3 4 56 3 4 55 3 5 54 3 6 53 3 5 52 3 5 51 3 5 50 3 5 49 3 5 48 3 5 47 3 5 46 4 5 45 4 5 44 4 4 43 4 4 42 4 4 41 4 4 40 5 4 39 5 4 38 5 4 37 5 4 36 6 4 35 6 4 34 6 4 33 6 3 32 7 3 31 7 3 30 7 3 29 7 2 28 7 2 27 6 3 26 6 2 25 5 1 24 5 2 23 5 2 22 4 2 21 5 3 
79 0 0 78 0 1 77 0 2 76 0 3 75 0 3 74 0 3 73 1 3 72 2 3 71 1 2 70 0 1 69 0 1 68 1 1 67 2 1 66 3 1 65 4 2 64 5 2 63 6 2 62 6 2 61 5 2 60 5 2 59 5 3 58 4 4 57 3 4 56 3 4 55 3 5 54 3 6 53 3 5 52 3 5 51 3 5 50 3 5 49 3 5 48 3 5 47 3 5 46 4 5 45 4 5 44 4 4 43 4 4 42 4 4 41 4 4 40 5 4 39 5 4 38 5 4 37 5 4 36 6 4 35 6 4 34 6 4 33 6 3 32 7 3 31 7 3 30 7 3 29 7 2 28 7 2 27 6 3 26 6 2 25 5 1 24 5 2 23 5 2 22 4 2 21 5 3 
79 0 0 78 0 1 77 0 2 76 0 3 75 0 3 74 0 3 73 1 3 72 2 3 71 1 2 70 0 1 69 0 1 68 1 1 67 2 1 66 3 1 65 4 2 64 5 2 63 6 2 62 6 2 61 5 2 60 5 2 59 5 3 58 4 4 57 3 4 56 3 4 55 3 5 54 3 6 53 3 5 52 3 5 51 3 5 50 3 5 49 3 5 48 3 5 47 3 5 46 4 5 45 4 5 44 4 4 43 4 4 42 4 4 41 4 4 40 5 4 39 5 4 38 5 4 37 5 4 36 6 4 35 6 4 34 6 4 33 6 3 32 7 3 31 7 3 30 7 3 29 7 2 28 7 2 27 6 3 26 6 2 25 5 1 24 5 2 23 5 2 22 4 2 21 5 3 
79 0 0 78 0 1 77 0 2 76 0 3 75 0 3 74 0 3 73 1 3 72 2 3 71 1 2 70 0 1 69 0 1 68 1 1 67 2 1 66 3 1 65 4 2 64 5 2 63 6 2 62 6 2 61 5 2 60 5 2 59 5 3 58 4 4 57 3 4 56 3 4 55 3 5 54 3 6 53 3 5 52 3 5 51 3 5 50 3 5 49 3 5 48 3 5 47 3 5 46 4 5 45 4 5 44 4 4 43 4 4 42 4 4 41 4 4 40 5 4 39 5 4 38 5 4 37 5 4 36 6 4 35 6 4 34 6 4 33 6 3 32 7 3 31 7 3 30 7 3 29 7 2 28 7 2 27 6 3 26 6 2 25 5 1 24 5 2 23 5 2 22 4 2 21 5 3 
79 0 0 78 0 1 77 0 2 76 0 3 75 0 3 74 0 3 73 1 3 72 2 3 71 1 2 70 0 1 69 0 1 68 1 1 67 2 1 66 3 1 65 4 2 64 5 2 63 6 2 62 6 2 61 5 2 60 5 2 59 5 3 58 4 4 57 3 4 56 3 4 55 3 5 54 3 6 53 3 5 52 3 5 51 3 5 50 3 5 49 3 5 48 3 5 47 3 5 46 4 5 45 4 5 44 4 4 43 4 4 42 4 4 41 4 4 40 5 4 39 5 4 38 5 4 37 5 4 36 6 4 35 6 4 34 6 4 33 6 3 32 7 3 31 7 3 30 7 3 29 7 2 28 7 2 27 6 3 26 6 2 25 5 1 24 5 2 23 5 2 22 4 2 21 5 3 
79 0 0 78 0 1 77 0 2 76 0 3 75 0 3 74 0 3 73 1 3 72 2 3 71 1 2 70 0 1 69 0 1 68 1 1 67 2 1 66 3 1 65 4 2 64 5 2 63 6 2 62 6 2 61 5 2 60 5 2 59 5 3 58 4 4 57 3 4 56 3 4 55 3 5 54 3 6 53 3 5 52 3 5 51 3 5 50 3 5 49 3 5 48 3 5 47 3 5 46 4 5 45 4 5 44 4 4 43 4 4 42 4 4 41 4 4 40 5 4 39 5 4 38 5 4 37 5 4 36 6 4 35 6 4 34 6 4 33 6 3 32 7 3 31 7 3 30 7 3 29 7 2 28 7 2 27 6 3 26 6 2 25 5 1 24 5 2 23 5 2 22 4 2 21 5 3 
79 0 0 78 0 1 77 0 2 76 0 3 75 0 3 74 0 3 73 1 3 72 2 3 71 1 2 70 0 1 69 0 1 68 1 1 67 2 1 66 3 1 65 4 2 64 5 2 63 6 2 62 6 2 61 5 2 60 5 2 59 5 3 58 4 4 57 3 4 56 3 4 55 3 5 54 3 6 53 3 5 52 3 5 51 3 5 50 3 5 49 3 5 48 3 5 47 3 5 46 4 5 45 4 5 44 4 4 43 4 4 42 4 4 41 4 4 40 5 4 39 5 4 38 5 4 37 5 4 36 6 4 35 6 4 34 6 4 33 6 3 32 7 3 31 7 3 30 7 3 29 7 2 28 7 2 27 6 3 26 6 2 25 5 1 24 5 2 23 5 2 22 4 2 21 5 3 
79 0 0 78 0 1 77 0 2 76 0 3 75 0 3 74 0 3 73 1 3 72 2 3 71 1 2 70 0 1 69 0 1 68 1 1 67 2 1 66 3 1 65 4 2 64 5 2 63 6 2 62 6 2 61 5 2 60 5 2 59 5 3 58 4 4 57 3 4 56 3 4 55 3 5 54 3 6 53 3 5 52 3 5 51 3 5 50 3 5 49 3 5 48 3 5 47 3 5 46 4 5 45 4 5 44 4 4 43 4 4 42 4 4 41 4 4 40 5 4 39 5 4 38 5 4 37 5 4 36 6 4 35 6 4 34 6 4 33 6 3 32 7 3 31 7 3 30 7 3 29 7 2 28 7 2 27 6 3 26 6 2 25 5 1 24 5 2 23 5 2 22 4 2 21 5 3 
79 0 0 78 0 1 77 0 2 76 0 3 75 0 3 74 0 3 73 1 3 72 2 3 71 1 2 70 0 1 69 0 1 68 1 1 67 2 1 66 3 1 65 4 2 64 5 2 63 6 2 62 6 2 61 5 2 60 5 2 59 5 3 58 4 4 57 3 4 56 3 4 55 3 5 54 3 6 53 3 5 52 3 5 51 3 5 50 3 5 49 3 5 48 3 5 47 3 5 46 4 5 45 4 5 44 4 4 43 4 4 42 4 4 41 4 4 40 5 4 39 5 4 38 5 4 37 5 4 36 6 4 35 6 4 34 6 4 33 6 3 32 7 3 31 7 3 30 7 3 29 7 2 28 7 2 27 6 3 26 6 2 25 5 1 24 5 2 23 5 2 22 4 2 21 5 3 
